1 8113426360
1 8196627811
1 8320950350
1 8253343612
1 8164895190
2 4409171024
2 4307881059
2 4380423699
2 4348842014
2 4359638617
3 3046286877
3 3185489379
3 3155076338
3 3056560498
3 3059534203
4 2431508123
4 2387595955
4 2371432581
4 2361558328
4 2360080144
5 2063190439
5 2088856257
5 1990305816
5 2125112112
5 2015821416
6 1993939680
6 1881768815
6 1750028314
6 1750995450
6 1738897934
7 1546499846
7 1602705946
7 1708853641
7 1599868829
7 1792704800
8 1469563292
8 1476498206
8 1482551481
8 1462247336
8 1496499232
9 1416786553
9 1409329020
9 1524011741
9 1465300570
9 1416123520
10 1300650915
10 1347999992
10 1418615540
10 1389802586
10 1423139655
11 1289972505
11 1349640805
11 1277474528
11 1333950753
11 1279573750
12 1282394577
12 1228258173
12 1350434587
12 1363334689
12 1262024368
13 1330987271
13 1089357138
13 1102922840
13 1493029361
13 1239045491
14 1103554797
14 1214521802
14 1126629064
14 1245029676
14 1077284940
15 1075414357
15 1026724131
15 1157437734
15 1105152367
15 1115365164
16 1014912152
16 1387722086
16 1229135856
16 1056105483
16 1040307899
